%YAML:1.0
cam_model: ds

Kl: !!opencv-matrix
   rows: 3
   cols: 3
   dt: d
   data: [458.34800271, 0, 650.13164518,
           0, 458.2415152, 531.55849962,
           0, 0, 1 ]

Kr: !!opencv-matrix
   rows: 3
   cols: 3
   dt: d
   data: [467.75724172, 0, 633.94826542,
           0, 467.76772089, 506.97531741,
           0, 0, 1 ]

Rl: !!opencv-matrix
   rows: 3
   cols: 3
   dt: d
   data:     [ 1, 0, 0,
               0, 1, 0,
               0, 0, 1 ]


Rr: !!opencv-matrix
   rows: 3
   cols: 3
   dt: d
   data:[ 0.9998298552980036, 0.001994480135277447, -0.018338007082363775, 
          -0.0020238390969457842, 0.9999966997667006, -0.001582571011545036,
           0.01833479015621706, 0.0016194149211652532, 0.9998305921331024 ]

   

xil: -0.08444945017209797
alphal:  0.605969238627714

xir: -0.06521469001750535
alphar: 0.6113320913599786


T: !!opencv-matrix
   rows: 3
   cols: 1
   dt: d
   data: [ -0.12590042424663594,  -0.00034968726160697903, 0.0020518389909762007 ]

cap_size: [ 640, 512 ]
